====================================================================================================
空气动力学参数速查表 (NASA US Standard Atmosphere 1976)
====================================================================================================


──────────────────────────────────────────────────
高度: 0 km
──────────────────────────────────────────────────
    马赫     T(K)     P(kPa)     ρ(kg/m³)   a(m/s)     V(m/s)    T₀(K)    P₀(kPa)    动压(kPa)
------------------------------------------------------------------------------------------
  0.50   288.15   101.3250     1.225004   340.29     170.15   302.56   120.1930    17.7319
  0.85   288.15   101.3250     1.225004   340.29     289.25   329.79   162.5069    51.2451
  1.00   288.15   101.3250     1.225004   340.29     340.29   345.78   191.8010    70.9275
  1.50   288.15   101.3250     1.225004   340.29     510.44   417.82   371.9672   159.5869
  2.00   288.15   101.3250     1.225004   340.29     680.59   518.67   792.8123   283.7100
  3.00   288.15   101.3250     1.225004   340.29    1020.88   806.82  3721.9430   638.3475
  5.00   288.15   101.3250     1.225004   340.29    1701.47  1728.90 53610.0224  1773.1875
  8.00   288.15   101.3250     1.225004   340.29    2722.35  3976.47 989221.1992  4539.3600
 10.00   288.15   101.3250     1.225004   340.29    3402.93  6051.15 4300155.3355  7092.7500

──────────────────────────────────────────────────
高度: 5 km
──────────────────────────────────────────────────
    马赫     T(K)     P(kPa)     ρ(kg/m³)   a(m/s)     V(m/s)    T₀(K)    P₀(kPa)    动压(kPa)
------------------------------------------------------------------------------------------
  0.50   255.65    54.0198     0.736116   320.53     160.26   268.43    64.0790     9.4535
  0.85   255.65    54.0198     0.736116   320.53     272.45   292.59    86.6379    27.3205
  1.00   255.65    54.0198     0.736116   320.53     320.53   306.78   102.2556    37.8138
  1.50   255.65    54.0198     0.736116   320.53     480.79   370.69   198.3083    85.0812
  2.00   255.65    54.0198     0.736116   320.53     641.06   460.17   422.6751   151.2554
  3.00   255.65    54.0198     0.736116   320.53     961.59   715.82  1984.2937   340.3246
  5.00   255.65    54.0198     0.736116   320.53    1602.64  1533.90 28581.3165   945.3462
  8.00   255.65    54.0198     0.736116   320.53    2564.23  3527.97 527387.2855  2420.0864
 10.00   255.65    54.0198     0.736116   320.53    3205.29  5368.65 2292558.2787  3781.3850

──────────────────────────────────────────────────
高度: 10 km
──────────────────────────────────────────────────
    马赫     T(K)     P(kPa)     ρ(kg/m³)   a(m/s)     V(m/s)    T₀(K)    P₀(kPa)    动压(kPa)
------------------------------------------------------------------------------------------
  0.50   223.15    26.4361     0.412706   299.46     149.73   234.31    31.3589     4.6263
  0.85   223.15    26.4361     0.412706   299.46     254.54   255.40    42.3988    13.3701
  1.00   223.15    26.4361     0.412706   299.46     299.46   267.78    50.0417    18.5053
  1.50   223.15    26.4361     0.412706   299.46     449.19   323.57    97.0479    41.6369
  2.00   223.15    26.4361     0.412706   299.46     598.93   401.67   206.8482    74.0212
  3.00   223.15    26.4361     0.412706   299.46     898.39   624.82   971.0712   166.5477
  5.00   223.15    26.4361     0.412706   299.46    1497.31  1338.90 13987.0889   462.6324
  8.00   223.15    26.4361     0.412706   299.46    2395.70  3079.47 258092.1304  1184.3388
 10.00   223.15    26.4361     0.412706   299.46    2994.63  4686.15 1121929.3038  1850.5294

──────────────────────────────────────────────────
高度: 15 km
──────────────────────────────────────────────────
    马赫     T(K)     P(kPa)     ρ(kg/m³)   a(m/s)     V(m/s)    T₀(K)    P₀(kPa)    动压(kPa)
------------------------------------------------------------------------------------------
  0.50   216.65    12.0445     0.193673   295.07     147.53   227.48    14.2873     2.1078
  0.85   216.65    12.0445     0.193673   295.07     250.81   247.96    19.3172     6.0915
  1.00   216.65    12.0445     0.193673   295.07     295.07   259.98    22.7993     8.4311
  1.50   216.65    12.0445     0.193673   295.07     442.60   314.14    44.2156    18.9700
  2.00   216.65    12.0445     0.193673   295.07     590.14   389.97    94.2414    33.7245
  3.00   216.65    12.0445     0.193673   295.07     885.21   606.62   442.4264    75.8802
  5.00   216.65    12.0445     0.193673   295.07    1475.35  1299.90  6372.6087   210.7783
  8.00   216.65    12.0445     0.193673   295.07    2360.55  2989.77 117588.4536   539.5925
 10.00   216.65    12.0445     0.193673   295.07    2950.69  4549.65 511158.2897   843.1133

──────────────────────────────────────────────────
高度: 20 km
──────────────────────────────────────────────────
    马赫     T(K)     P(kPa)     ρ(kg/m³)   a(m/s)     V(m/s)    T₀(K)    P₀(kPa)    动压(kPa)
------------------------------------------------------------------------------------------
  0.50   216.65     5.4748     0.088034   295.07     147.53   227.48     6.4943     0.9581
  0.85   216.65     5.4748     0.088034   295.07     250.81   247.96     8.7806     2.7689
  1.00   216.65     5.4748     0.088034   295.07     295.07   259.98    10.3635     3.8324
  1.50   216.65     5.4748     0.088034   295.07     442.60   314.14    20.0983     8.6229
  2.00   216.65     5.4748     0.088034   295.07     590.14   389.97    42.8375    15.3295
  3.00   216.65     5.4748     0.088034   295.07     885.21   606.62   201.1054    34.4914
  5.00   216.65     5.4748     0.088034   295.07    1475.35  1299.90  2896.6761    95.8095
  8.00   216.65     5.4748     0.088034   295.07    2360.55  2989.77 53449.9572   245.2723
 10.00   216.65     5.4748     0.088034   295.07    2950.69  4549.65 232347.5465   383.2380

──────────────────────────────────────────────────
高度: 25 km
──────────────────────────────────────────────────
    马赫     T(K)     P(kPa)     ρ(kg/m³)   a(m/s)     V(m/s)    T₀(K)    P₀(kPa)    动压(kPa)
------------------------------------------------------------------------------------------
  0.50   221.65     2.5110     0.039465   298.45     149.23   232.73     2.9786     0.4394
  0.85   221.65     2.5110     0.039465   298.45     253.69   253.68     4.0272     1.2699
  1.00   221.65     2.5110     0.039465   298.45     298.45   265.98     4.7531     1.7577
  1.50   221.65     2.5110     0.039465   298.45     447.68   321.39     9.2179     3.9548
  2.00   221.65     2.5110     0.039465   298.45     596.91   398.97    19.6471     7.0308
  3.00   221.65     2.5110     0.039465   298.45     895.36   620.62    92.2354    15.8192
  5.00   221.65     2.5110     0.039465   298.45    1492.27  1329.90  1328.5385    43.9423
  8.00   221.65     2.5110     0.039465   298.45    2387.64  3058.77 24514.4163   112.4923
 10.00   221.65     2.5110     0.039465   298.45    2984.55  4654.65 106564.4348   175.7692

──────────────────────────────────────────────────
高度: 30 km
──────────────────────────────────────────────────
    马赫     T(K)     P(kPa)     ρ(kg/m³)   a(m/s)     V(m/s)    T₀(K)    P₀(kPa)    动压(kPa)
------------------------------------------------------------------------------------------
  0.50   226.65     1.1718     0.018012   301.80     150.90   237.98     1.3901     0.2051
  0.85   226.65     1.1718     0.018012   301.80     256.53   259.40     1.8794     0.5927
  1.00   226.65     1.1718     0.018012   301.80     301.80   271.98     2.2182     0.8203
  1.50   226.65     1.1718     0.018012   301.80     452.70   328.64     4.3019     1.8457
  2.00   226.65     1.1718     0.018012   301.80     603.60   407.97     9.1691     3.2812
  3.00   226.65     1.1718     0.018012   301.80     905.41   634.62    43.0451     7.3826
  5.00   226.65     1.1718     0.018012   301.80    1509.01  1359.90   620.0123    20.5073
  8.00   226.65     1.1718     0.018012   301.80    2414.42  3127.77 11440.5712    52.4987
 10.00   226.65     1.1718     0.018012   301.80    3018.02  4759.65 49732.2877    82.0293

──────────────────────────────────────────────────
高度: 40 km
──────────────────────────────────────────────────
    马赫     T(K)     P(kPa)     ρ(kg/m³)   a(m/s)     V(m/s)    T₀(K)    P₀(kPa)    动压(kPa)
------------------------------------------------------------------------------------------
  0.50   251.05     0.2775     0.003851   317.63     158.82   263.60     0.3292     0.0486
  0.85   251.05     0.2775     0.003851   317.63     269.99   287.33     0.4451     0.1404
  1.00   251.05     0.2775     0.003851   317.63     317.63   301.26     0.5253     0.1943
  1.50   251.05     0.2775     0.003851   317.63     476.45   364.02     1.0188     0.4371
  2.00   251.05     0.2775     0.003851   317.63     635.26   451.89     2.1714     0.7770
  3.00   251.05     0.2775     0.003851   317.63     952.90   702.94    10.1939     1.7483
  5.00   251.05     0.2775     0.003851   317.63    1588.16  1506.30   146.8306     4.8565
  8.00   251.05     0.2775     0.003851   317.63    2541.06  3464.49  2709.3428    12.4327
 10.00   251.05     0.2775     0.003851   317.63    3176.32  5272.05 11777.5425    19.4261

──────────────────────────────────────────────────
高度: 50 km
──────────────────────────────────────────────────
    马赫     T(K)     P(kPa)     ρ(kg/m³)   a(m/s)     V(m/s)    T₀(K)    P₀(kPa)    动压(kPa)
------------------------------------------------------------------------------------------
  0.50   270.65     0.0759     0.000978   329.80     164.90   284.18     0.0901     0.0133
  0.85   270.65     0.0759     0.000978   329.80     280.33   309.76     0.1218     0.0384
  1.00   270.65     0.0759     0.000978   329.80     329.80   324.78     0.1438     0.0532
  1.50   270.65     0.0759     0.000978   329.80     494.70   392.44     0.2788     0.1196
  2.00   270.65     0.0759     0.000978   329.80     659.60   487.17     0.5942     0.2126
  3.00   270.65     0.0759     0.000978   329.80     989.39   757.82     2.7896     0.4784
  5.00   270.65     0.0759     0.000978   329.80    1648.99  1623.90    40.1805     1.3290
  8.00   270.65     0.0759     0.000978   329.80    2638.39  3734.97   741.4178     3.4022
 10.00   270.65     0.0759     0.000978   329.80    3297.98  5683.65  3222.9511     5.3160
